2.63925e-02 2.24295e+14 005000
1.01620e-01 2.88457e+14 025000
1.39931e-01 3.00598e+14 045000
1.77164e-01 3.01525e+14 065000
2.18347e-01 2.89736e+14 085000
2.62492e-01 2.78335e+14 105000
3.07931e-01 2.85069e+14 125000
3.61485e-01 2.94598e+14 145000
4.13673e-01 2.93390e+14 165000
4.84477e-01 3.01651e+14 185000
5.63697e-01 3.00281e+14 205000
6.21935e-01 2.94847e+14 225000
6.90713e-01 2.92845e+14 245000
7.71638e-01 2.90948e+14 265000
8.51438e-01 2.76057e+14 285000
9.23952e-01 2.62588e+14 305000
9.94147e-01 2.52808e+14 325000
1.06268e+00 2.41281e+14 345000
1.13322e+00 2.38091e+14 365000
1.20369e+00 2.29571e+14 385000
1.27361e+00 2.23189e+14 405000
1.30725e+00 2.19103e+14 415000
1.34225e+00 2.16907e+14 425000
1.37372e+00 2.16057e+14 435000
1.39904e+00 2.14599e+14 445000
