1.31601e-18 -1.76264e+11
1.51746e-18 -1.74226e+11
2.11679e-18 -1.72209e+11
2.1278e-18 -1.70212e+11
1.51767e-18 -1.68236e+11
1.16881e-18 -1.6628e+11
1.04744e-18 -1.64343e+11
1.0455e-18 -1.62427e+11
1.00055e-18 -1.60531e+11
9.9053e-19 -1.58653e+11
9.53815e-19 -1.56796e+11
1.47659e-18 -1.54957e+11
2.87133e-18 -1.53136e+11
3.16099e-18 -1.51335e+11
3.119e-18 -1.49552e+11
2.62173e-18 -1.47787e+11
2.47846e-18 -1.4604e+11
2.3922e-18 -1.44312e+11
2.05939e-18 -1.426e+11
1.95438e-18 -1.40907e+11
1.96386e-18 -1.39231e+11
1.96875e-18 -1.37571e+11
1.95242e-18 -1.35929e+11
1.81195e-18 -1.34304e+11
1.85095e-18 -1.32695e+11
1.8714e-18 -1.31103e+11
1.83037e-18 -1.29527e+11
1.93856e-18 -1.27968e+11
2.43663e-18 -1.26424e+11
2.95189e-18 -1.24896e+11
3.1563e-18 -1.23383e+11
3.31785e-18 -1.21887e+11
3.38861e-18 -1.20405e+11
3.42659e-18 -1.18939e+11
3.17653e-18 -1.17487e+11
3.44846e-18 -1.16051e+11
4.01471e-18 -1.14629e+11
4.13062e-18 -1.13222e+11
3.89534e-18 -1.11829e+11
2.6509e-18 -1.10451e+11
2.4184e-18 -1.09086e+11
2.62266e-18 -1.07736e+11
2.74863e-18 -1.06399e+11
2.7389e-18 -1.05076e+11
2.3663e-18 -1.03767e+11
2.11823e-18 -1.02471e+11
2.21834e-18 -1.01188e+11
2.60106e-18 -9.99183e+10
2.89745e-18 -9.86617e+10
2.94844e-18 -9.74179e+10
2.78474e-18 -9.61869e+10
2.61786e-18 -9.49685e+10
2.54318e-18 -9.37626e+10
2.41204e-18 -9.2569e+10
2.23898e-18 -9.13877e+10
2.24434e-18 -9.02184e+10
2.13882e-18 -8.90611e+10
2.00451e-18 -8.79157e+10
2.00424e-18 -8.6782e+10
2.03763e-18 -8.56599e+10
2.04808e-18 -8.45493e+10
2.05477e-18 -8.345e+10
2.37229e-18 -8.2362e+10
2.62657e-18 -8.12852e+10
2.78412e-18 -8.02194e+10
3.03743e-18 -7.91644e+10
3.18978e-18 -7.81203e+10
3.30531e-18 -7.70869e+10
3.41259e-18 -7.60641e+10
3.41725e-18 -7.50517e+10
3.29688e-18 -7.40497e+10
3.35326e-18 -7.3058e+10
3.21889e-18 -7.20764e+10
2.88511e-18 -7.11048e+10
2.85826e-18 -7.01432e+10
2.88239e-18 -6.91915e+10
3.06578e-18 -6.82495e+10
3.29823e-18 -6.73171e+10
3.54995e-18 -6.63943e+10
3.67722e-18 -6.5481e+10
3.81645e-18 -6.45769e+10
4.06113e-18 -6.36822e+10
4.09731e-18 -6.27966e+10
3.88345e-18 -6.19201e+10
3.44215e-18 -6.10525e+10
3.35409e-18 -6.01938e+10
3.44126e-18 -5.9344e+10
3.45022e-18 -5.85028e+10
3.47772e-18 -5.76702e+10
3.26121e-18 -5.68462e+10
3.29894e-18 -5.60306e+10
3.28966e-18 -5.52233e+10
3.30635e-18 -5.44243e+10
3.37267e-18 -5.36335e+10
3.41555e-18 -5.28508e+10
3.75096e-18 -5.20761e+10
4.29377e-18 -5.13094e+10
4.55678e-18 -5.05505e+10
4.61249e-18 -4.97993e+10
4.47543e-18 -4.90559e+10
4.56279e-18 -4.832e+10
4.9699e-18 -4.75917e+10
5.50016e-18 -4.68709e+10
6.30664e-18 -4.61574e+10
6.93519e-18 -4.54512e+10
7.77503e-18 -4.47523e+10
8.26514e-18 -4.40605e+10
8.35695e-18 -4.33758e+10
8.86697e-18 -4.26981e+10
9.19843e-18 -4.20274e+10
9.15978e-18 -4.13635e+10
9.04966e-18 -4.07064e+10
9.4315e-18 -4.00561e+10
9.81812e-18 -3.94124e+10
1.03465e-17 -3.87753e+10
1.06306e-17 -3.81447e+10
1.08219e-17 -3.75206e+10
1.06755e-17 -3.69028e+10
1.05844e-17 -3.62914e+10
1.07924e-17 -3.56863e+10
1.12703e-17 -3.50873e+10
1.15515e-17 -3.44945e+10
1.14036e-17 -3.39077e+10
1.10398e-17 -3.3327e+10
1.04475e-17 -3.27522e+10
1.03054e-17 -3.21833e+10
1.024e-17 -3.16202e+10
9.93067e-18 -3.10629e+10
9.77753e-18 -3.05113e+10
9.8075e-18 -2.99653e+10
9.98198e-18 -2.94249e+10
1.02565e-17 -2.88901e+10
1.09219e-17 -2.83607e+10
1.19072e-17 -2.78367e+10
1.32337e-17 -2.73181e+10
1.4827e-17 -2.68049e+10
1.66902e-17 -2.62968e+10
1.85604e-17 -2.5794e+10
2.09209e-17 -2.52964e+10
2.29376e-17 -2.48038e+10
2.44865e-17 -2.43162e+10
2.56865e-17 -2.38337e+10
2.64503e-17 -2.33561e+10
2.68903e-17 -2.28834e+10
